0.1453
0.22314
0.14912
0.17829
0.14407
0.16129
0.14729
0.12295
0.14074
0.21705
0.16923
0.14516
0.14173
0.128
0.12
0.11719
0.17969
0.08871
0.11111
0.15385
0.15447
0.14754
0.17557
0.16296
0.21552
0.11905
0.13178
0.15574
0.1129
0.14754
0.17593
0.13178
0.15748
0.13386
0.2
0.20952
0.17164
0.14173
0.10078
0.14876
0.15833
0.24528
0.152
0.16393
0.11852
0.17424
0.17742
0.1626
0.13115
0.15909
0.15323
0.12903
0.15888
0.14925
0.20168
0.19835
0.17692
0.16279
0.18261
0.12174
0.15079
0.21186
0.16296
0.12409
0.13953
0.14925
0.12605
0.2
0.18018
0.15789
0.12712
0.12097
0.16031
0.12069
0.16949
0.08696
0.0991
0.12143
0.15323
0.15888
0.17699
0.15217
0.12844
0.12195
0.10156
0.21583
0.17969
0.14961
0.15748
0.12
0.20155
0.17323
0.14615
0.17557
0.17293
0.15
0.12295
0.14286
0.16031
0.13571
0.20769
0.13534
0.12295
0.13636
0.12
0.1746
0.15942
0.13178
0.14961
0.13115
0.18421
0.18033
0.16379
0.14173
0.13333
0.16129
0.14844
0.16154
0.2029
0.10317
0.10294
0.16935
0.20472
0.15455
0.13393
0.16935
0.10656
0.25833
0.22414
0.19697
0.23478
0.21986
0.18261
0.25197
0.23622
0.19469
0.13475
0.19328
0.13008
0.1619
0.18644
0.20155
0.16667
0.30702
0.21818
0.20561
0.1811
0.18182
0.248
0.24576
0.23846
0.20155
0.17829
0.15
0.1203
0.23358
0.22388
0.22059
0.16379
0.1746
0.21705
0.20635
0.2126
0.20155
0.23729
0.20721
0.25424
0.16154
0.23077
0.17518
0.21429
0.20536
0.16
0.21642
0.17361
0.21311
0.22222
0.19835
0.23256
0.23853
0.21094
0.17391
0.2
0.22414
0.224
0.21008
0.13393
0.17829
0.18898
0.18841
0.275
0.17518
0.2377
0.19231
0.175
0.22131
0.25203
0.20161
0.216
0.25564
0.14394
0.26271
0.12097
0.22609
0.16
0.17323
0.26667
0.12308
0.22222
0.21642
0.18261
0.20161
0.224
0.23932
0.184
0.20175
0.24812
0.15702
0.21429
0.20161
0.17293
0.20168
0.16923
0.19403
0.2605
0.21951
0.20149
0.18254
0.19231
0.17742
0.2
0.22656
0.30252
0.13793
0.21667
0.1811
0.25781
0.18103
0.22523
0.19531
0.18841
0.168
0.17778
0.232
0.17518
0.23684
0.2126
0.23894
0.22222
0.19828
0.22222
0.03876
0.0084
0.02439
0.05042
0.0339
0.01639
0.03306
0.02679
0.06087
0.03704
0.01667
0.01754
0.03968
0.024
0.05217
0.0177
0.00862
0.04511
0.01493
0.02362
0.01575
0.05072
0.04839
0.04762
0.04348
0.04132
0.02206
0.00781
0.04032
0.01626
0.01562
0.04348
0.02632
0.03597
0.02586
0.04651
0.00806
0.03053
0.072
0.03333
0.03937
0.00917
0.01802
0.01961
0.03053
0.01587
0.03125
0.03279
0.01639
0.03175
0.01639
0.0597
0.0229
0.01724
0.01653
0.0155
0.00862
0.01653
0.04615
0.00758
0.02256
0.02985
0.04425
0.0229
0.03306
0.01613
0.02381
0.02326
0.01639
0.00775
0.02564
0.04918
0.024
0.03053
0.02941
0.0283
0.07353
0.03497
0.03361
0.03008
0.01653
0.03906
0.01562
0.05426
0.00794
0.0365
0.04464
0.02459
0.01515
0.032
0.03175
0.04545
0.00763
0.01739
0.0431
0.01575
0.02564
0.024
0.02308
0.02308
0.04065
0.024
0.04237
0.00758
0.0339
0.0339
0.032
0.02362
0.00763
0.01399
0.03226
0.01667
0.00714
0.01562
0.03361
0.048
0.02985
0.05036
0.04478
0.01587
0.04225
0.01724
0.0082
0.025
0.01575
0.0082
0.00847
0.0339
0.16923
0.16949
0.12295
0.10345
0.10769
0.17213
0.13158
0.08955
0.12097
0.10569
0.16
0.14844
0.16949
0.14815
0.09735
0.10569
0.10744
0.11278
0.08594
0.1157
0.12
0.11382
0.09524
0.07258
0.125
0.12712
0.07752
0.09917
0.112
0.1
0.11029
0.12766
0.10687
0.1405
0.09016
0.12
0.13115
0.10526
0.13821
0.1405
0.16541
0.1
0.07874
0.11024
0.21481
0.14286
0.09231
0.144
0.12977
0.05882
0.09848
0.08871
0.0963
0.14504
0.11486
0.0873
0.13433
0.10833
0.0916
0.17293
0.12
0.14961
0.10949
0.0963
0.12903
0.1371
0.11538
0.14394
0.11024
0.09286
0.15833
0.16667
0.088
0.14159
0.13821
0.08475
0.136
0.12308
0.06838
0.12409
0.11024
0.09524
0.12903
0.10606
0.09924
0.09848
0.08333
0.136
0.12329
0.12
0.09244
0.1145
0.16814
0.14407
0.13846
0.144
0.09917
0.08871
0.12903
0.0922
0.13445
0.0991
0.12698
0.13386
0.11628
0.08547
0.11111
0.13534
0.112
0.12097
0.10714
0.11679
0.18321
0.12121
0.13913
0.06202
0.14961
0.10853
0.12397
0.11382
0.06796
