mut_0	0	117,17	30
mut_1	0	121,27	30
mut_2	0	114,17	30
mut_3	0	129,23	30
mut_4	0	118,17	30
mut_5	0	124,20	30
mut_6	0	129,19	30
mut_7	0	122,15	30
mut_8	0	135,19	30
mut_9	0	129,28	30
mut_10	0	130,22	30
mut_11	0	124,18	30
mut_12	0	127,18	30
mut_13	0	125,16	30
mut_14	0	125,15	30
mut_15	0	128,15	30
mut_16	0	128,23	30
mut_17	0	124,11	30
mut_18	0	126,14	30
mut_19	0	117,18	30
mut_20	0	123,19	30
mut_21	0	122,18	30
mut_22	0	131,23	30
mut_23	0	135,22	30
mut_24	0	116,25	30
mut_25	0	126,15	30
mut_26	0	129,17	30
mut_27	0	122,19	30
mut_28	0	124,14	30
mut_29	0	122,18	30
mut_30	0	108,19	30
mut_31	0	129,17	30
mut_32	0	127,20	30
mut_33	0	127,17	30
mut_34	0	110,22	30
mut_35	0	105,22	30
mut_36	0	134,23	30
mut_37	0	127,18	30
mut_38	0	129,13	30
mut_39	0	121,18	30
mut_40	0	120,19	30
mut_41	0	106,26	30
mut_42	0	125,19	30
mut_43	0	122,20	30
mut_44	0	135,16	30
mut_45	0	132,23	30
mut_46	0	124,22	30
mut_47	0	123,20	30
mut_48	0	122,16	30
mut_49	0	132,21	30
mut_50	0	124,19	30
mut_51	0	124,16	30
mut_52	0	107,17	30
mut_53	0	134,20	30
mut_54	0	119,24	30
mut_55	0	121,24	30
mut_56	0	130,23	30
mut_57	0	129,21	30
mut_58	0	115,21	30
mut_59	0	115,14	30
mut_60	0	126,19	30
mut_61	0	118,25	30
mut_62	0	135,22	30
mut_63	0	137,17	30
mut_64	0	129,18	30
mut_65	0	134,20	30
mut_66	0	119,15	30
mut_67	0	110,22	30
mut_68	0	111,20	30
mut_69	0	133,21	30
mut_70	0	118,15	30
mut_71	0	124,15	30
mut_72	0	131,21	30
mut_73	0	116,14	30
mut_74	0	118,20	30
mut_75	0	115,10	30
mut_76	0	111,11	30
mut_77	0	140,17	30
mut_78	0	124,19	30
mut_79	0	107,17	30
mut_80	0	113,20	30
mut_81	0	138,21	30
mut_82	0	109,14	30
mut_83	0	123,15	30
mut_84	0	128,13	30
mut_85	0	139,30	30
mut_86	0	128,23	30
mut_87	0	127,19	30
mut_88	0	127,20	30
mut_89	0	125,15	30
mut_90	0	129,26	30
mut_91	0	127,22	30
mut_92	0	130,19	30
mut_93	0	131,23	30
mut_94	0	133,23	30
mut_95	0	120,18	30
mut_96	0	122,15	30
mut_97	0	133,19	30
mut_98	0	131,21	30
mut_99	0	140,19	30
mut_100	0	130,27	30
mut_101	0	133,18	30
mut_102	0	122,15	30
mut_103	0	132,18	30
mut_104	0	125,15	30
mut_105	0	126,22	30
mut_106	0	138,22	30
mut_107	0	129,17	30
mut_108	0	127,19	30
mut_109	0	122,16	30
mut_110	0	114,21	30
mut_111	0	122,22	30
mut_112	0	116,19	30
mut_113	0	127,18	30
mut_114	0	120,16	30
mut_115	0	124,20	30
mut_116	0	128,19	30
mut_117	0	130,21	30
mut_118	0	138,28	30
mut_119	0	126,13	30
mut_120	0	136,14	30
mut_121	0	124,21	30
mut_122	0	127,26	30
mut_123	0	110,17	30
mut_124	0	112,15	30
mut_125	0	124,21	30
mut_126	0	122,13	30
mut_127	1	120,31	30
mut_128	1	116,26	30
mut_129	1	132,26	30
mut_130	1	115,27	30
mut_131	1	141,31	30
mut_132	1	115,21	30
mut_133	1	127,32	30
mut_134	1	127,30	30
mut_135	1	113,22	30
mut_136	1	141,19	30
mut_137	1	119,23	30
mut_138	1	123,16	30
mut_139	1	105,17	30
mut_140	1	118,22	30
mut_141	1	129,26	30
mut_142	1	120,20	30
mut_143	1	114,35	30
mut_144	1	110,24	30
mut_145	1	107,22	30
mut_146	1	127,23	30
mut_147	1	132,24	30
mut_148	1	125,31	30
mut_149	1	118,29	30
mut_150	1	130,31	30
mut_151	1	129,26	30
mut_152	1	129,23	30
mut_153	1	120,18	30
mut_154	1	133,16	30
mut_155	1	137,32	30
mut_156	1	134,30	30
mut_157	1	136,30	30
mut_158	1	116,19	30
mut_159	1	126,22	30
mut_160	1	129,28	30
mut_161	1	126,26	30
mut_162	1	127,27	30
mut_163	1	129,26	30
mut_164	1	118,28	30
mut_165	1	111,23	30
mut_166	1	118,30	30
mut_167	1	130,21	30
mut_168	1	130,30	30
mut_169	1	137,24	30
mut_170	1	126,27	30
mut_171	1	112,23	30
mut_172	1	125,20	30
mut_173	1	134,29	30
mut_174	1	144,25	30
mut_175	1	122,26	30
mut_176	1	135,30	30
mut_177	1	121,24	30
mut_178	1	129,30	30
mut_179	1	109,26	30
mut_180	1	128,27	30
mut_181	1	115,20	30
mut_182	1	130,26	30
mut_183	1	116,26	30
mut_184	1	125,28	30
mut_185	1	119,25	30
mut_186	1	112,15	30
mut_187	1	129,23	30
mut_188	1	127,24	30
mut_189	1	138,26	30
mut_190	1	120,33	30
mut_191	1	137,24	30
mut_192	1	122,29	30
mut_193	1	130,25	30
mut_194	1	120,21	30
mut_195	1	122,27	30
mut_196	1	123,31	30
mut_197	1	124,25	30
mut_198	1	125,27	30
mut_199	1	133,34	30
mut_200	1	132,19	30
mut_201	1	118,31	30
mut_202	1	124,15	30
mut_203	1	115,26	30
mut_204	1	125,20	30
mut_205	1	127,22	30
mut_206	1	135,36	30
mut_207	1	130,16	30
mut_208	1	117,26	30
mut_209	1	134,29	30
mut_210	1	115,21	30
mut_211	1	124,25	30
mut_212	1	125,28	30
mut_213	1	117,28	30
mut_214	1	125,23	30
mut_215	1	114,23	30
mut_216	1	133,33	30
mut_217	1	121,19	30
mut_218	1	126,27	30
mut_219	1	124,25	30
mut_220	1	133,23	30
mut_221	1	119,24	30
mut_222	1	130,22	30
mut_223	1	134,26	30
mut_224	1	119,31	30
mut_225	1	123,27	30
mut_226	1	134,27	30
mut_227	1	126,23	30
mut_228	1	130,25	30
mut_229	1	124,22	30
mut_230	1	120,24	30
mut_231	1	128,29	30
mut_232	1	119,36	30
mut_233	1	116,16	30
mut_234	1	120,26	30
mut_235	1	127,23	30
mut_236	1	128,33	30
mut_237	1	116,21	30
mut_238	1	111,25	30
mut_239	1	128,25	30
mut_240	1	138,26	30
mut_241	1	125,21	30
mut_242	1	135,24	30
mut_243	1	125,29	30
mut_244	1	137,24	30
mut_245	1	114,27	30
mut_246	1	127,27	30
mut_247	1	113,27	30
mut_248	1	126,28	30
mut_249	1	116,23	30
mut_250	1	126,28	30
mut_251	2	129,5	30
mut_252	2	119,1	30
mut_253	2	123,3	30
mut_254	2	119,6	30
mut_255	2	118,4	30
mut_256	2	122,2	30
mut_257	2	121,4	30
mut_258	2	112,3	30
mut_259	2	115,7	30
mut_260	2	135,5	30
mut_261	2	120,2	30
mut_262	2	114,2	30
mut_263	2	126,5	30
mut_264	2	125,3	30
mut_265	2	115,6	30
mut_266	2	113,2	30
mut_267	2	116,1	30
mut_268	2	133,6	30
mut_269	2	134,2	30
mut_270	2	127,3	30
mut_271	2	127,2	30
mut_272	2	138,7	30
mut_273	2	124,6	30
mut_274	2	126,6	30
mut_275	2	115,5	30
mut_276	2	121,5	30
mut_277	2	136,3	30
mut_278	2	128,1	30
mut_279	2	124,5	30
mut_280	2	123,2	30
mut_281	2	128,2	30
mut_282	2	115,5	30
mut_283	2	114,3	30
mut_284	2	139,5	30
mut_285	2	116,3	30
mut_286	2	129,6	30
mut_287	2	124,1	30
mut_288	2	131,4	30
mut_289	2	125,9	30
mut_290	2	120,4	30
mut_291	2	127,5	30
mut_292	2	109,1	30
mut_293	2	111,2	30
mut_294	2	102,2	30
mut_295	2	131,4	30
mut_296	2	126,2	30
mut_297	2	128,4	30
mut_298	2	122,4	30
mut_299	2	122,2	30
mut_300	2	126,4	30
mut_301	2	122,2	30
mut_302	2	134,8	30
mut_303	2	131,3	30
mut_304	2	116,2	30
mut_305	2	121,2	30
mut_306	2	129,2	30
mut_307	2	116,1	30
mut_308	2	121,2	30
mut_309	2	130,6	30
mut_310	2	132,1	30
mut_311	2	133,3	30
mut_312	2	134,4	30
mut_313	2	113,5	30
mut_314	2	131,3	30
mut_315	2	121,4	30
mut_316	2	124,2	30
mut_317	2	126,3	30
mut_318	2	129,3	30
mut_319	2	122,2	30
mut_320	2	129,1	30
mut_321	2	117,3	30
mut_322	2	122,6	30
mut_323	2	125,3	30
mut_324	2	131,4	30
mut_325	2	102,3	30
mut_326	2	106,3	30
mut_327	2	136,10	30
mut_328	2	143,5	30
mut_329	2	119,4	30
mut_330	2	133,4	30
mut_331	2	121,2	30
mut_332	2	128,5	30
mut_333	2	128,2	30
mut_334	2	129,7	30
mut_335	2	126,1	30
mut_336	2	137,5	30
mut_337	2	112,5	30
mut_338	2	122,3	30
mut_339	2	132,2	30
mut_340	2	125,4	30
mut_341	2	126,4	30
mut_342	2	110,5	30
mut_343	2	131,1	30
mut_344	2	115,2	30
mut_345	2	116,5	30
mut_346	2	127,2	30
mut_347	2	117,3	30
mut_348	2	125,3	30
mut_349	2	130,3	30
mut_350	2	130,3	30
mut_351	2	123,5	30
mut_352	2	125,3	30
mut_353	2	118,5	30
mut_354	2	132,1	30
mut_355	2	118,4	30
mut_356	2	118,4	30
mut_357	2	125,4	30
mut_358	2	127,3	30
mut_359	2	131,1	30
mut_360	2	143,2	30
mut_361	2	124,4	30
mut_362	2	120,2	30
mut_363	2	140,1	30
mut_364	2	128,2	30
mut_365	2	119,4	30
mut_366	2	125,6	30
mut_367	2	134,4	30
mut_368	2	139,7	30
mut_369	2	134,6	30
mut_370	2	126,2	30
mut_371	2	142,6	30
mut_372	2	116,2	30
mut_373	2	122,1	30
mut_374	2	120,3	30
mut_375	2	127,2	30
mut_376	2	122,1	30
mut_377	2	118,1	30
mut_378	2	118,4	30
mut_379	3	130,22	30
mut_380	3	118,20	30
mut_381	3	122,15	30
mut_382	3	116,12	30
mut_383	3	130,14	30
mut_384	3	122,21	30
mut_385	3	114,15	30
mut_386	3	134,12	30
mut_387	3	124,15	30
mut_388	3	123,13	30
mut_389	3	125,20	30
mut_390	3	128,19	30
mut_391	3	118,20	30
mut_392	3	135,20	30
mut_393	3	113,11	30
mut_394	3	123,13	30
mut_395	3	121,13	30
mut_396	3	133,15	30
mut_397	3	128,11	30
mut_398	3	121,14	30
mut_399	3	125,15	30
mut_400	3	123,14	30
mut_401	3	126,12	30
mut_402	3	124,9	30
mut_403	3	128,16	30
mut_404	3	118,15	30
mut_405	3	129,10	30
mut_406	3	121,12	30
mut_407	3	125,14	30
mut_408	3	120,12	30
mut_409	3	136,15	30
mut_410	3	141,18	30
mut_411	3	131,14	30
mut_412	3	121,17	30
mut_413	3	122,11	30
mut_414	3	125,15	30
mut_415	3	122,16	30
mut_416	3	114,12	30
mut_417	3	123,17	30
mut_418	3	121,17	30
mut_419	3	133,22	30
mut_420	3	130,13	30
mut_421	3	127,10	30
mut_422	3	127,14	30
mut_423	3	135,29	30
mut_424	3	133,19	30
mut_425	3	130,12	30
mut_426	3	125,18	30
mut_427	3	131,17	30
mut_428	3	119,7	30
mut_429	3	132,13	30
mut_430	3	124,11	30
mut_431	3	135,13	30
mut_432	3	131,19	30
mut_433	3	148,17	30
mut_434	3	126,11	30
mut_435	3	134,18	30
mut_436	3	120,13	30
mut_437	3	131,12	30
mut_438	3	133,23	30
mut_439	3	125,15	30
mut_440	3	127,19	30
mut_441	3	137,15	30
mut_442	3	135,13	30
mut_443	3	124,16	30
mut_444	3	124,17	30
mut_445	3	130,15	30
mut_446	3	132,19	30
mut_447	3	127,14	30
mut_448	3	140,13	30
mut_449	3	120,19	30
mut_450	3	126,21	30
mut_451	3	125,11	30
mut_452	3	113,16	30
mut_453	3	123,17	30
mut_454	3	118,10	30
mut_455	3	125,17	30
mut_456	3	130,16	30
mut_457	3	117,8	30
mut_458	3	137,17	30
mut_459	3	127,14	30
mut_460	3	126,12	30
mut_461	3	124,16	30
mut_462	3	132,14	30
mut_463	3	131,13	30
mut_464	3	132,13	30
mut_465	3	120,10	30
mut_466	3	125,17	30
mut_467	3	146,18	30
mut_468	3	125,15	30
mut_469	3	119,11	30
mut_470	3	131,15	30
mut_471	3	113,19	30
mut_472	3	118,17	30
mut_473	3	130,18	30
mut_474	3	125,18	30
mut_475	3	121,12	30
mut_476	3	124,11	30
mut_477	3	124,16	30
mut_478	3	141,13	30
mut_479	3	119,16	30
mut_480	3	111,11	30
mut_481	3	126,16	30
mut_482	3	127,17	30
mut_483	3	129,15	30
mut_484	3	117,10	30
mut_485	3	117,13	30
mut_486	3	133,18	30
mut_487	3	125,14	30
mut_488	3	124,15	30
mut_489	3	112,12	30
mut_490	3	137,16	30
mut_491	3	131,24	30
mut_492	3	132,16	30
mut_493	3	115,16	30
mut_494	3	129,8	30
mut_495	3	127,19	30
mut_496	3	129,14	30
mut_497	3	121,15	30
mut_498	3	123,14	30
mut_499	3	103,7	30
