0.0	0.0	0.9	0.1	0.0
0.0	0.0	0.01	0.99	0.0
0.0	0.0	0.87	0.13	0.0
0.0	0.0	0.39	0.61	0.0
0.0	0.01	0.91	0.08	0.0
0.0	0.0	0.76	0.24	0.0
0.0	0.0	0.91	0.09	0.0
0.0	0.13	0.85	0.02	0.0
0.0	0.0	0.95	0.04	0.0
0.0	0.0	0.01	0.99	0.0
0.0	0.0	0.61	0.39	0.0
0.0	0.0	0.91	0.09	0.0
0.0	0.0	0.93	0.07	0.0
0.0	0.08	0.9	0.02	0.0
0.0	0.24	0.75	0.01	0.0
0.0	0.27	0.72	0.01	0.0
0.0	0.0	0.39	0.61	0.0
0.0	0.95	0.05	0.0	0.0
0.0	0.5	0.5	0.0	0.0
0.0	0.0	0.83	0.17	0.0
0.0	0.0	0.85	0.15	0.0
0.0	0.0	0.89	0.11	0.0
0.0	0.0	0.48	0.52	0.0
0.0	0.0	0.76	0.24	0.0
0.0	0.0	0.01	0.99	0.0
0.0	0.24	0.75	0.01	0.0
0.0	0.02	0.95	0.03	0.0
0.0	0.0	0.81	0.19	0.0
0.0	0.5	0.5	0.01	0.0
0.0	0.0	0.89	0.11	0.0
0.0	0.0	0.49	0.51	0.0
0.0	0.02	0.95	0.03	0.0
0.0	0.0	0.81	0.19	0.0
0.0	0.02	0.94	0.04	0.0
0.0	0.0	0.11	0.89	0.0
0.0	0.0	0.04	0.96	0.0
0.0	0.0	0.57	0.43	0.0
0.0	0.0	0.93	0.07	0.0
0.0	0.79	0.21	0.0	0.0
0.0	0.0	0.89	0.11	0.0
0.0	0.0	0.8	0.2	0.0
0.0	0.0	0.0	1.0	0.0
0.0	0.0	0.88	0.12	0.0
0.0	0.0	0.69	0.31	0.0
0.0	0.2	0.79	0.01	0.0
0.0	0.0	0.52	0.48	0.0
0.0	0.0	0.44	0.56	0.0
0.0	0.0	0.73	0.27	0.0
0.0	0.04	0.93	0.03	0.0
0.0	0.0	0.82	0.18	0.0
0.0	0.0	0.85	0.15	0.0
0.0	0.08	0.89	0.03	0.0
0.0	0.0	0.76	0.24	0.0
0.0	0.0	0.9	0.1	0.0
0.0	0.0	0.06	0.94	0.0
0.0	0.0	0.1	0.9	0.0
0.0	0.0	0.42	0.58	0.0
0.0	0.0	0.73	0.27	0.0
0.0	0.0	0.32	0.68	0.0
0.0	0.18	0.79	0.02	0.0
0.0	0.0	0.88	0.12	0.0
0.0	0.0	0.03	0.97	0.0
0.0	0.0	0.76	0.24	0.0
0.0	0.11	0.88	0.01	0.0
0.0	0.0	0.94	0.05	0.0
0.0	0.0	0.9	0.1	0.0
0.0	0.12	0.86	0.02	0.0
0.0	0.0	0.11	0.89	0.0
0.0	0.0	0.4	0.6	0.0
0.0	0.0	0.82	0.18	0.0
0.0	0.12	0.86	0.02	0.0
0.0	0.24	0.75	0.01	0.0
0.0	0.0	0.78	0.22	0.0
0.0	0.19	0.8	0.01	0.0
0.0	0.0	0.62	0.38	0.0
0.0	0.94	0.06	0.0	0.0
0.0	0.8	0.2	0.0	0.0
0.0	0.13	0.86	0.01	0.0
0.0	0.0	0.85	0.15	0.0
0.0	0.0	0.76	0.24	0.0
0.0	0.0	0.43	0.57	0.0
0.0	0.0	0.89	0.11	0.0
0.0	0.08	0.88	0.03	0.0
0.0	0.13	0.85	0.01	0.0
0.0	0.79	0.21	0.0	0.0
0.0	0.0	0.01	0.99	0.0
0.0	0.0	0.39	0.61	0.0
0.0	0.0	0.88	0.12	0.0
0.0	0.0	0.81	0.19	0.0
0.0	0.24	0.75	0.01	0.0
0.0	0.0	0.05	0.95	0.0
0.0	0.0	0.53	0.47	0.0
0.0	0.0	0.92	0.07	0.0
0.0	0.0	0.48	0.52	0.0
0.0	0.0	0.52	0.48	0.0
0.0	0.0	0.89	0.11	0.0
0.0	0.13	0.85	0.02	0.0
0.0	0.0	0.94	0.06	0.0
0.0	0.0	0.78	0.22	0.0
0.0	0.01	0.96	0.03	0.0
0.0	0.0	0.02	0.98	0.0
0.0	0.01	0.96	0.03	0.0
0.0	0.13	0.85	0.02	0.0
0.0	0.01	0.96	0.03	0.0
0.0	0.24	0.75	0.01	0.0
0.0	0.0	0.48	0.52	0.0
0.0	0.0	0.81	0.19	0.0
0.0	0.02	0.95	0.03	0.0
0.0	0.0	0.88	0.12	0.0
0.0	0.04	0.93	0.03	0.0
0.0	0.0	0.32	0.68	0.0
0.0	0.0	0.35	0.65	0.0
0.0	0.0	0.7	0.3	0.0
0.0	0.0	0.93	0.07	0.0
0.0	0.03	0.93	0.03	0.0
0.0	0.0	0.76	0.24	0.0
0.0	0.0	0.91	0.09	0.0
0.0	0.0	0.76	0.24	0.0
0.0	0.0	0.05	0.95	0.0
0.0	0.74	0.26	0.0	0.0
0.0	0.78	0.22	0.0	0.0
0.0	0.0	0.61	0.39	0.0
0.0	0.0	0.05	0.95	0.0
0.0	0.0	0.81	0.19	0.0
0.0	0.05	0.9	0.05	0.0
0.0	0.0	0.61	0.39	0.0
0.0	0.63	0.37	0.0	0.0
0.0	0.0	0.0	1.0	0.0
0.0	0.0	0.01	0.99	0.0
0.0	0.0	0.09	0.91	0.0
0.0	0.0	0.0	1.0	0.0
0.0	0.0	0.01	0.99	0.0
0.0	0.0	0.32	0.68	0.0
0.0	0.0	0.0	1.0	0.0
0.0	0.0	0.0	1.0	0.0
0.0	0.0	0.12	0.88	0.0
0.0	0.01	0.96	0.03	0.0
0.0	0.0	0.14	0.86	0.0
0.0	0.04	0.94	0.03	0.0
0.0	0.0	0.7	0.3	0.0
0.0	0.0	0.27	0.73	0.0
0.0	0.0	0.05	0.95	0.0
0.0	0.0	0.66	0.34	0.0
0.0	0.0	0.0	1.0	0.0
0.0	0.0	0.02	0.98	0.0
0.0	0.0	0.07	0.93	0.0
0.0	0.0	0.36	0.64	0.0
0.0	0.0	0.34	0.66	0.0
0.0	0.0	0.0	1.0	0.0
0.0	0.0	0.0	1.0	0.0
0.0	0.0	0.0	1.0	0.0
0.0	0.0	0.05	0.95	0.0
0.0	0.0	0.39	0.61	0.0
0.0	0.0	0.89	0.11	0.0
0.0	0.18	0.81	0.01	0.0
0.0	0.0	0.0	1.0	0.0
0.0	0.0	0.0	1.0	0.0
0.0	0.0	0.0	1.0	0.0
0.0	0.0	0.7	0.3	0.0
0.0	0.0	0.48	0.52	0.0
0.0	0.0	0.01	0.99	0.0
0.0	0.0	0.03	0.97	0.0
0.0	0.0	0.02	0.98	0.0
0.0	0.0	0.05	0.95	0.0
0.0	0.0	0.0	1.0	0.0
0.0	0.0	0.05	0.95	0.0
0.0	0.0	0.0	1.0	0.0
0.0	0.0	0.76	0.24	0.0
0.0	0.0	0.0	1.0	0.0
0.0	0.0	0.47	0.53	0.0
0.0	0.0	0.01	0.99	0.0
0.0	0.0	0.05	0.95	0.0
0.0	0.0	0.79	0.21	0.0
0.0	0.0	0.01	0.99	0.0
0.0	0.0	0.51	0.49	0.0
0.0	0.0	0.02	0.98	0.0
0.0	0.0	0.0	1.0	0.0
0.0	0.0	0.1	0.9	0.0
0.0	0.0	0.0	1.0	0.0
0.0	0.0	0.0	1.0	0.0
0.0	0.0	0.02	0.98	0.0
0.0	0.0	0.49	0.51	0.0
0.0	0.0	0.06	0.94	0.0
0.0	0.0	0.01	0.99	0.0
0.0	0.0	0.0	1.0	0.0
0.0	0.0	0.03	0.97	0.0
0.0	0.05	0.9	0.05	0.0
0.0	0.0	0.39	0.61	0.0
0.0	0.0	0.21	0.79	0.0
0.0	0.0	0.2	0.8	0.0
0.0	0.0	0.0	1.0	0.0
0.0	0.0	0.47	0.53	0.0
0.0	0.0	0.0	1.0	0.0
0.0	0.0	0.13	0.87	0.0
0.0	0.0	0.47	0.53	0.0
0.0	0.0	0.01	0.99	0.0
0.0	0.0	0.0	1.0	0.0
0.0	0.0	0.07	0.93	0.0
0.0	0.0	0.01	0.99	0.0
0.0	0.0	0.0	1.0	0.0
0.0	0.0	0.94	0.06	0.0
0.0	0.0	0.0	1.0	0.0
0.0	0.24	0.75	0.01	0.0
0.0	0.0	0.01	0.99	0.0
0.0	0.0	0.79	0.21	0.0
0.0	0.0	0.53	0.47	0.0
0.0	0.0	0.0	1.0	0.0
0.0	0.16	0.83	0.01	0.0
0.0	0.0	0.01	0.99	0.0
0.0	0.0	0.01	0.99	0.0
0.0	0.0	0.32	0.68	0.0
0.0	0.0	0.07	0.93	0.0
0.0	0.0	0.0	1.0	0.0
0.0	0.0	0.0	1.0	0.0
0.0	0.0	0.3	0.7	0.0
0.0	0.0	0.09	0.91	0.0
0.0	0.0	0.0	1.0	0.0
0.0	0.0	0.81	0.19	0.0
0.0	0.0	0.01	0.99	0.0
0.0	0.0	0.07	0.93	0.0
0.0	0.0	0.52	0.48	0.0
0.0	0.0	0.06	0.94	0.0
0.0	0.0	0.61	0.39	0.0
0.0	0.0	0.13	0.87	0.0
0.0	0.0	0.0	1.0	0.0
0.0	0.0	0.01	0.99	0.0
0.0	0.0	0.06	0.94	0.0
0.0	0.0	0.3	0.7	0.0
0.0	0.0	0.13	0.87	0.0
0.0	0.0	0.44	0.56	0.0
0.0	0.0	0.07	0.93	0.0
0.0	0.0	0.0	1.0	0.0
0.0	0.0	0.0	1.0	0.0
0.0	0.01	0.93	0.05	0.0
0.0	0.0	0.01	0.99	0.0
0.0	0.0	0.36	0.64	0.0
0.0	0.0	0.0	1.0	0.0
0.0	0.0	0.34	0.66	0.0
0.0	0.0	0.01	0.99	0.0
0.0	0.0	0.12	0.88	0.0
0.0	0.0	0.2	0.8	0.0
0.0	0.0	0.66	0.34	0.0
0.0	0.0	0.43	0.57	0.0
0.0	0.0	0.0	1.0	0.0
0.0	0.0	0.47	0.53	0.0
0.0	0.0	0.0	1.0	0.0
0.0	0.0	0.02	0.98	0.0
0.0	0.0	0.0	1.0	0.0
0.0	0.0	0.0	1.0	0.0
0.0	0.0	0.09	0.91	0.0
0.0	0.0	0.0	1.0	0.0
0.76	0.24	0.0	0.0	0.0
0.97	0.0	0.0	0.0	0.0
1.0	0.0	0.0	0.0	0.0
0.0	1.0	0.0	0.0	0.0
0.97	0.03	0.0	0.0	0.0
1.0	0.0	0.0	0.0	0.0
0.97	0.03	0.0	0.0	0.0
0.99	0.01	0.0	0.0	0.0
0.0	0.99	0.01	0.0	0.0
0.94	0.06	0.0	0.0	0.0
1.0	0.0	0.0	0.0	0.0
1.0	0.0	0.0	0.0	0.0
0.76	0.24	0.0	0.0	0.0
1.0	0.0	0.0	0.0	0.0
0.0	1.0	0.0	0.0	0.0
1.0	0.0	0.0	0.0	0.0
0.97	0.0	0.0	0.0	0.0
0.0	1.0	0.0	0.0	0.0
1.0	0.0	0.0	0.0	0.0
1.0	0.0	0.0	0.0	0.0
1.0	0.0	0.0	0.0	0.0
0.0	1.0	0.0	0.0	0.0
0.0	1.0	0.0	0.0	0.0
0.0	1.0	0.0	0.0	0.0
0.58	0.41	0.0	0.0	0.0
0.68	0.32	0.0	0.0	0.0
1.0	0.0	0.0	0.0	0.0
0.97	0.0	0.0	0.0	0.0
0.76	0.24	0.0	0.0	0.0
1.0	0.0	0.0	0.0	0.0
1.0	0.0	0.0	0.0	0.0
0.58	0.41	0.0	0.0	0.0
0.99	0.01	0.0	0.0	0.0
0.96	0.04	0.0	0.0	0.0
0.99	0.01	0.0	0.0	0.0
0.0	1.0	0.0	0.0	0.0
0.97	0.0	0.0	0.0	0.0
0.99	0.01	0.0	0.0	0.0
0.0	0.99	0.01	0.0	0.0
0.97	0.03	0.0	0.0	0.0
0.76	0.24	0.0	0.0	0.0
0.98	0.0	0.0	0.0	0.0
1.0	0.0	0.0	0.0	0.0
1.0	0.0	0.0	0.0	0.0
0.99	0.01	0.0	0.0	0.0
1.0	0.0	0.0	0.0	0.0
0.98	0.02	0.0	0.0	0.0
0.97	0.03	0.0	0.0	0.0
1.0	0.0	0.0	0.0	0.0
0.98	0.02	0.0	0.0	0.0
1.0	0.0	0.0	0.0	0.0
0.0	1.0	0.0	0.0	0.0
1.0	0.0	0.0	0.0	0.0
1.0	0.0	0.0	0.0	0.0
1.0	0.0	0.0	0.0	0.0
1.0	0.0	0.0	0.0	0.0
0.97	0.0	0.0	0.0	0.0
1.0	0.0	0.0	0.0	0.0
0.0	1.0	0.0	0.0	0.0
0.97	0.0	0.0	0.0	0.0
1.0	0.0	0.0	0.0	0.0
0.99	0.01	0.0	0.0	0.0
0.58	0.41	0.0	0.0	0.0
1.0	0.0	0.0	0.0	0.0
0.97	0.03	0.0	0.0	0.0
1.0	0.0	0.0	0.0	0.0
1.0	0.0	0.0	0.0	0.0
1.0	0.0	0.0	0.0	0.0
1.0	0.0	0.0	0.0	0.0
0.97	0.0	0.0	0.0	0.0
0.99	0.01	0.0	0.0	0.0
0.0	1.0	0.0	0.0	0.0
1.0	0.0	0.0	0.0	0.0
0.99	0.01	0.0	0.0	0.0
0.98	0.02	0.0	0.0	0.0
0.99	0.01	0.0	0.0	0.0
0.0	0.99	0.01	0.0	0.0
0.97	0.03	0.0	0.0	0.0
0.97	0.03	0.0	0.0	0.0
0.99	0.01	0.0	0.0	0.0
1.0	0.0	0.0	0.0	0.0
0.76	0.24	0.0	0.0	0.0
1.0	0.0	0.0	0.0	0.0
0.0	1.0	0.0	0.0	0.0
0.97	0.0	0.0	0.0	0.0
0.96	0.04	0.0	0.0	0.0
0.58	0.41	0.0	0.0	0.0
1.0	0.0	0.0	0.0	0.0
1.0	0.0	0.0	0.0	0.0
0.98	0.02	0.0	0.0	0.0
0.98	0.02	0.0	0.0	0.0
0.0	1.0	0.0	0.0	0.0
0.97	0.0	0.0	0.0	0.0
1.0	0.0	0.0	0.0	0.0
0.58	0.41	0.0	0.0	0.0
1.0	0.0	0.0	0.0	0.0
0.99	0.01	0.0	0.0	0.0
1.0	0.0	0.0	0.0	0.0
1.0	0.0	0.0	0.0	0.0
1.0	0.0	0.0	0.0	0.0
0.68	0.32	0.0	0.0	0.0
1.0	0.0	0.0	0.0	0.0
0.68	0.32	0.0	0.0	0.0
0.97	0.0	0.0	0.0	0.0
0.97	0.03	0.0	0.0	0.0
0.97	0.03	0.0	0.0	0.0
0.98	0.02	0.0	0.0	0.0
1.0	0.0	0.0	0.0	0.0
0.97	0.0	0.0	0.0	0.0
1.0	0.0	0.0	0.0	0.0
0.98	0.02	0.0	0.0	0.0
1.0	0.0	0.0	0.0	0.0
0.95	0.0	0.0	0.0	0.0
1.0	0.0	0.0	0.0	0.0
0.97	0.03	0.0	0.0	0.0
0.0	1.0	0.0	0.0	0.0
0.99	0.01	0.0	0.0	0.0
0.0	1.0	0.0	0.0	0.0
0.0	1.0	0.0	0.0	0.0
1.0	0.0	0.0	0.0	0.0
0.66	0.34	0.0	0.0	0.0
1.0	0.0	0.0	0.0	0.0
0.97	0.0	0.0	0.0	0.0
1.0	0.0	0.0	0.0	0.0
1.0	0.0	0.0	0.0	0.0
0.97	0.0	0.0	0.0	0.0
0.97	0.0	0.0	0.0	0.0
0.97	0.03	0.0	0.0	0.0
0.0	0.0	0.61	0.39	0.0
0.0	0.0	0.62	0.38	0.0
0.0	0.13	0.85	0.02	0.0
0.0	0.7	0.3	0.0	0.0
0.0	0.63	0.37	0.0	0.0
0.0	0.0	0.53	0.47	0.0
0.0	0.06	0.9	0.04	0.0
0.0	0.96	0.04	0.0	0.0
0.0	0.24	0.75	0.01	0.0
0.0	0.63	0.37	0.0	0.0
0.0	0.0	0.79	0.21	0.0
0.0	0.0	0.91	0.09	0.0
0.0	0.0	0.62	0.38	0.0
0.0	0.0	0.92	0.08	0.0
0.0	0.83	0.17	0.0	0.0
0.0	0.63	0.37	0.0	0.0
0.0	0.63	0.37	0.0	0.0
0.0	0.42	0.58	0.0	0.0
0.0	0.96	0.04	0.0	0.0
0.0	0.35	0.64	0.01	0.0
0.0	0.24	0.75	0.01	0.0
0.0	0.35	0.64	0.01	0.0
0.0	0.88	0.11	0.0	0.0
0.0	0.99	0.01	0.0	0.0
0.0	0.09	0.89	0.02	0.0
0.0	0.12	0.86	0.02	0.0
0.0	0.99	0.01	0.0	0.0
0.0	0.83	0.17	0.0	0.0
0.0	0.5	0.5	0.0	0.0
0.0	0.79	0.21	0.0	0.0
0.0	0.56	0.44	0.0	0.0
0.0	0.04	0.94	0.02	0.0
0.0	0.68	0.32	0.0	0.0
0.0	0.01	0.93	0.06	0.0
0.0	0.93	0.07	0.0	0.0
0.0	0.24	0.75	0.01	0.0
0.0	0.04	0.93	0.03	0.0
0.0	0.7	0.3	0.0	0.0
0.0	0.01	0.95	0.05	0.0
0.0	0.01	0.93	0.06	0.0
0.0	0.0	0.69	0.31	0.0
0.0	0.82	0.18	0.0	0.0
0.0	0.99	0.01	0.0	0.0
0.0	0.55	0.44	0.0	0.0
0.0	0.0	0.01	0.99	0.0
0.0	0.0	0.94	0.06	0.0
0.0	0.92	0.08	0.0	0.0
0.0	0.0	0.93	0.07	0.0
0.0	0.06	0.92	0.02	0.0
0.0	1.0	0.0	0.0	0.0
0.0	0.86	0.14	0.0	0.0
0.0	0.95	0.05	0.0	0.0
0.0	0.89	0.11	0.0	0.0
0.0	0.0	0.92	0.07	0.0
0.0	0.4	0.6	0.0	0.0
0.0	0.95	0.05	0.0	0.0
0.0	0.01	0.95	0.03	0.0
0.0	0.58	0.42	0.0	0.0
0.0	0.94	0.06	0.0	0.0
0.0	0.0	0.52	0.48	0.0
0.0	0.24	0.75	0.01	0.0
0.0	0.0	0.88	0.12	0.0
0.0	0.56	0.44	0.0	0.0
0.0	0.89	0.11	0.0	0.0
0.0	0.08	0.89	0.03	0.0
0.0	0.02	0.93	0.05	0.0
0.0	0.37	0.62	0.0	0.0
0.0	0.0	0.94	0.06	0.0
0.0	0.55	0.44	0.0	0.0
0.0	0.93	0.07	0.0	0.0
0.0	0.0	0.8	0.2	0.0
0.0	0.0	0.66	0.34	0.0
0.0	0.95	0.05	0.0	0.0
0.0	0.01	0.92	0.07	0.0
0.0	0.01	0.95	0.05	0.0
0.0	0.96	0.04	0.0	0.0
0.0	0.02	0.94	0.04	0.0
0.0	0.16	0.83	0.01	0.0
0.0	0.99	0.01	0.0	0.0
0.0	0.11	0.88	0.01	0.0
0.0	0.55	0.44	0.0	0.0
0.0	0.88	0.11	0.0	0.0
0.0	0.08	0.89	0.03	0.0
0.0	0.68	0.32	0.0	0.0
0.0	0.86	0.14	0.0	0.0
0.0	0.86	0.14	0.0	0.0
0.0	0.96	0.04	0.0	0.0
0.0	0.02	0.94	0.04	0.0
0.0	0.09	0.9	0.01	0.0
0.0	0.24	0.75	0.01	0.0
0.0	0.91	0.09	0.0	0.0
0.0	0.42	0.58	0.0	0.0
0.0	0.0	0.62	0.38	0.0
0.0	0.01	0.91	0.08	0.0
0.0	0.01	0.95	0.04	0.0
0.0	0.0	0.93	0.07	0.0
0.0	0.83	0.17	0.0	0.0
0.0	0.95	0.05	0.0	0.0
0.0	0.08	0.89	0.03	0.0
0.0	0.94	0.06	0.0	0.0
0.0	0.03	0.92	0.04	0.0
0.0	0.8	0.2	0.0	0.0
0.0	0.08	0.9	0.02	0.0
0.0	0.02	0.94	0.04	0.0
0.0	0.27	0.72	0.01	0.0
0.0	0.96	0.04	0.0	0.0
0.0	0.49	0.51	0.01	0.0
0.0	0.01	0.96	0.03	0.0
0.0	0.5	0.5	0.0	0.0
0.0	0.24	0.75	0.01	0.0
0.0	0.64	0.35	0.0	0.0
0.0	0.3	0.7	0.0	0.0
0.0	0.0	0.31	0.69	0.0
0.0	0.18	0.81	0.01	0.0
0.0	0.01	0.92	0.07	0.0
0.0	1.0	0.0	0.0	0.0
0.0	0.0	0.88	0.12	0.0
0.0	0.55	0.44	0.0	0.0
0.0	0.13	0.85	0.02	0.0
0.0	0.35	0.64	0.01	0.0
0.0	0.99	0.01	0.0	0.0
